谢谢 羽哥 修改过的【海滩】曲谱，原来群里那个谱子太烂了。我又根据原版的伴奏，完整的整理一下~方便大家~谢谢咯 
                                              Ｂlues_n杰克
                         海滩    key-A  
1 7 +1 5 

1 7 +1 3 

1 5 6 4 

-5 4 3 5 

1 5 +1 6 

+2 +1 7 3 

-6 -7 1 5 6 4 

3 4 2 1 1 
  ********
1 7 +1 5 

1 7 +1 3 

1 5 6 4 

-5 4 3 5 

1 5 +1 6 

+2 +1 7 3 

-6 -7 1 5 6 4 

3 4 2 1 1 
 ********
5 6 7 +1 

+3 7 

+3 6 

6 7 +1 

+5+37 +5+36 

6 7 +1 +4 

5 7 +5 +3 

+1 +2 +3 4 

5 +1 7 +1 
 *******
1 7 +1 5 

1 7 +1 3 

1 5 6 4 

-5 4 3 5 

1 5 +1 6 

+2 +1 7 3 

-6 -7 1 5 6 4 

3 4 2 1 1 
 *******
-6 -7 1 5 6 4 

3 4 2 1 1 
